0.000000	1.000000	0.000000	0.000000	0.000000	1.000000	0.000000	0.000000	0.000000	1.000000	0.000000	0.000000	0.000000
0.000000	1.020982	-0.038715	0.420177	-0.786587	0.999893	-0.000065	0.000048	0.000001	1.020880	-0.038786	0.420230	-0.786716
0.100000	1.039404	-0.079669	-0.051129	-0.046336	1.020848	-0.034395	0.420207	-0.786588	1.084093	-0.157659	0.846448	-1.718655
0.200000	1.030791	-0.085184	-0.121056	-0.065774	1.039280	-0.075461	-0.051062	-0.046401	1.011759	-0.045703	-0.499774	0.650973
0.300000	1.009790	-0.083246	-0.298979	0.105086	1.031020	-0.090040	-0.120919	-0.065646	1.016570	-0.100590	-0.167922	-0.148769
0.400000	0.975511	-0.071868	-0.386768	0.126197	1.009786	-0.083138	-0.298936	0.105057	0.969714	-0.061056	-0.502824	0.343704
0.500000	0.932808	-0.057942	-0.467499	0.156873	0.975437	-0.070921	-0.386675	0.126115	0.932360	-0.056212	-0.475080	0.172888
0.600000	0.883734	-0.042742	-0.514185	0.152135	0.932942	-0.060294	-0.467488	0.156925	0.882357	-0.042508	-0.544480	0.204613
0.700000	0.830863	-0.028260	-0.543456	0.142256	0.883809	-0.042601	-0.514068	0.152048	0.829406	-0.025268	-0.574253	0.200289
0.800000	0.775976	-0.015169	-0.554476	0.123885	0.830887	-0.028188	-0.543508	0.142263	0.775058	-0.013361	-0.573275	0.159120
0.900000	0.720620	-0.003954	-0.552792	0.104090	0.776010	-0.017188	-0.554380	0.123933	0.720003	-0.004932	-0.565932	0.125216
1.000000	0.665947	0.005288	-0.540804	0.083792	0.720485	-0.002560	-0.552828	0.104137	0.664723	0.008816	-0.562587	0.127111
1.100000	0.612838	0.012602	-0.521491	0.064903	0.665997	0.004007	-0.540901	0.083921	0.612845	0.011281	-0.522253	0.063941
1.200000	0.561919	0.018153	-0.496956	0.047953	0.612685	0.015137	-0.521443	0.064962	0.561143	0.022083	-0.509496	0.076232
1.300000	0.513622	0.022152	-0.469051	0.033348	0.561881	0.021154	-0.496862	0.047861	0.514056	0.024561	-0.459692	0.021408
1.400000	0.468211	0.024831	-0.439195	0.021107	0.513607	0.022768	-0.469210	0.033234	0.468847	0.024261	-0.426008	-0.002870
1.500000	0.425827	0.026416	-0.408513	0.011129	0.468359	0.022103	-0.439144	0.021148	0.426089	0.023245	-0.406275	0.002076
1.600000	0.386509	0.027121	-0.377854	0.003202	0.425910	0.022118	-0.408429	0.011172	0.385910	0.023712	-0.391586	0.021227
1.700000	0.350224	0.027134	-0.347850	-0.002922	0.386616	0.027801	-0.377848	0.003189	0.349244	0.029881	-0.369618	0.039074
1.800000	0.316884	0.026621	-0.318950	-0.007507	0.350182	0.032450	-0.347836	-0.002963	0.317056	0.032020	-0.314683	-0.005763
1.900000	0.286363	0.025720	-0.291461	-0.010805	0.316780	0.026555	-0.318922	-0.007358	0.287722	0.022969	-0.262198	-0.065497
2.000000	0.258510	0.024547	-0.265577	-0.013050	0.286597	0.021687	-0.291556	-0.010761	0.258827	0.019982	-0.263803	-0.023901
2.100000	0.233160	0.023194	-0.241401	-0.014452	0.258713	0.017457	-0.265437	-0.012991	0.232449	0.017182	-0.259840	0.007385
2.200000	0.210140	0.021736	-0.218974	-0.015191	0.233287	0.018208	-0.241527	-0.014408	0.208530	0.019486	-0.253628	0.040349
2.300000	0.189276	0.020230	-0.198284	-0.015419	0.210032	0.026236	-0.218869	-0.015102	0.187951	0.027412	-0.222778	0.038983
2.400000	0.170397	0.018720	-0.179285	-0.015264	0.189356	0.022021	-0.198330	-0.015359	0.171738	0.018342	-0.153970	-0.059391
2.500000	0.153336	0.017240	-0.161907	-0.014831	0.170527	0.015688	-0.179261	-0.015420	0.154041	0.012861	-0.150416	-0.042030
2.600000	0.137936	0.015812	-0.146063	-0.014202	0.153327	0.019627	-0.161914	-0.014768	0.137201	0.019761	-0.160617	0.017478
2.700000	0.124050	0.014452	-0.131657	-0.013444	0.137711	0.021644	-0.145988	-0.014310	0.124512	0.019545	-0.117969	-0.028347
2.800000	0.111536	0.013170	-0.118588	-0.012610	0.124184	0.011049	-0.131547	-0.013400	0.113284	0.006508	-0.086386	-0.078883
2.900000	0.100268	0.011972	-0.106755	-0.011739	0.111474	0.013431	-0.118461	-0.012560	0.099405	0.013763	-0.122921	0.019296
3.000000	0.090127	0.010861	-0.096058	-0.010860	0.100384	0.010511	-0.106646	-0.011819	0.090396	0.008996	-0.093086	-0.018986
3.100000	0.081003	0.009835	-0.086400	-0.009995	0.090313	0.004477	-0.096073	-0.010856	0.080891	0.003421	-0.092343	-0.010606
3.200000	0.072798	0.008893	-0.077690	-0.009159	0.081050	0.010249	-0.086370	-0.009746	0.071233	0.012349	-0.109998	0.052408
3.300000	0.065421	0.008031	-0.069842	-0.008364	0.072876	0.006580	-0.077771	-0.009067	0.065674	0.005180	-0.066253	-0.019377
3.400000	0.058790	0.007245	-0.062776	-0.007614	0.065335	0.011702	-0.069911	-0.008366	0.058123	0.012305	-0.074324	0.020609
3.500000	0.052829	0.006530	-0.056417	-0.006914	0.058645	0.009144	-0.062692	-0.007491	0.053678	0.006796	-0.036604	-0.040229
3.600000	0.047473	0.005882	-0.050697	-0.006266	0.052716	0.009722	-0.056473	-0.006916	0.047880	0.008393	-0.040237	-0.020099
3.700000	0.042660	0.005295	-0.045555	-0.005668	0.047402	0.008602	-0.050721	-0.006328	0.043436	0.006687	-0.028571	-0.032585
3.800000	0.038335	0.004764	-0.040932	-0.005120	0.042723	0.004897	-0.045550	-0.005565	0.039133	0.002986	-0.026217	-0.033275
3.900000	0.034450	0.004285	-0.036778	-0.004620	0.038248	0.004380	-0.041014	-0.004944	0.034285	0.004011	-0.038231	-0.002563
4.000000	0.030958	0.003853	-0.033045	-0.004164	0.034427	0.002857	-0.036745	-0.004622	0.030874	0.002414	-0.034303	-0.004370
4.100000	0.027821	0.003463	-0.029691	-0.003750	0.030945	0.007180	-0.033068	-0.004315	0.027439	0.007752	-0.037054	0.015928
4.200000	0.025002	0.003113	-0.026678	-0.003375	0.027891	0.000443	-0.029628	-0.003719	0.025969	-0.001820	-0.008782	-0.042267
4.300000	0.022470	0.002798	-0.023971	-0.003036	0.025112	0.000543	-0.026718	-0.003296	0.021820	0.001398	-0.039141	0.020660
4.400000	0.020194	0.002514	-0.021539	-0.002730	0.022438	0.006694	-0.024091	-0.003012	0.019483	0.007997	-0.035030	0.029476
4.500000	0.018149	0.002259	-0.019355	-0.002455	0.020379	-0.000351	-0.021594	-0.002669	0.019370	-0.002779	0.001434	-0.046665
4.600000	0.016312	0.002030	-0.017392	-0.002206	0.017975	0.010823	-0.019522	-0.002175	0.015353	0.012814	-0.032946	0.042614
4.700000	0.014660	0.001824	-0.015629	-0.001982	0.016435	0.000307	-0.017326	-0.002112	0.017055	-0.004224	0.029789	-0.089941
4.800000	0.013176	0.001638	-0.014045	-0.001781	0.014654	-0.000652	-0.015712	-0.002098	0.012744	-0.000300	-0.022507	0.009237
4.900000	0.011843	0.001472	-0.012622	-0.001600	0.013276	-0.002220	-0.013854	-0.001892	0.011330	-0.001581	-0.025081	0.014882
5.000000	0.010644	0.001323	-0.011344	-0.001437	0.011944	0.002056	-0.012643	-0.001628	0.009743	0.003804	-0.031411	0.037131
5.100000	0.009567	0.001188	-0.010195	-0.001291	0.010526	0.004540	-0.011396	-0.001219	0.009589	0.004451	-0.007340	-0.000593
5.200000	0.008599	0.001068	-0.009163	-0.001160	0.009579	0.003899	-0.010355	-0.001143	0.009440	0.002480	0.007598	-0.027700
5.300000	0.007730	0.000960	-0.008235	-0.001042	0.008655	0.001276	-0.009133	-0.001015	0.008505	-0.000122	0.006155	-0.027386
5.400000	0.006948	0.000862	-0.007401	-0.000936	0.007812	-0.003820	-0.008348	-0.001006	0.007110	-0.004515	-0.005674	-0.013111
5.500000	0.006245	0.000775	-0.006652	-0.000841	0.006939	0.000928	-0.007522	-0.000940	0.004980	0.003144	-0.031701	0.045943
5.600000	0.005613	0.000696	-0.005979	-0.000756	0.006395	-0.000411	-0.006702	-0.000923	0.005781	-0.000645	-0.005591	-0.003839
5.700000	0.005046	0.000626	-0.005374	-0.000679	0.005761	-0.005356	-0.006041	-0.000678	0.004903	-0.005442	-0.011112	-0.001072
5.800000	0.004535	0.000562	-0.004831	-0.000610	0.005197	-0.003852	-0.005321	-0.000626	0.003139	-0.001449	-0.035873	0.049446
5.900000	0.004077	0.000505	-0.004342	-0.000548	0.004810	-0.005964	-0.004769	-0.000552	0.003227	-0.004520	-0.026909	0.029903
6.000000	0.003664	0.000454	-0.003903	-0.000492	0.003998	0.002935	-0.004376	-0.000478	0.001881	0.006250	-0.038016	0.067837
6.100000	0.003294	0.000408	-0.003508	-0.000442	0.003644	0.001044	-0.003650	-0.000627	0.003935	-0.000136	0.009487	-0.023361
6.200000	0.002961	0.000367	-0.003153	-0.000398	0.003014	0.009246	-0.003476	-0.000514	0.002802	0.009778	-0.000763	0.011323
6.300000	0.002661	0.000330	-0.002834	-0.000357	0.003069	-0.000456	-0.003154	-0.000435	0.005076	-0.004826	0.043340	-0.088351
6.400000	0.002392	0.000296	-0.002548	-0.000321	0.002543	0.006261	-0.002785	-0.000307	0.002040	0.007211	-0.007294	0.019594
6.500000	0.002150	0.000266	-0.002290	-0.000289	0.002413	-0.000805	-0.002548	-0.000479	0.003730	-0.003828	0.028930	-0.060927
6.600000	0.001933	0.000239	-0.002058	-0.000259	0.002211	0.000927	-0.002123	-0.000122	0.001711	0.001529	-0.007882	0.012349
6.700000	0.001737	0.000215	-0.001850	-0.000233	0.002083	-0.002981	-0.001977	-0.000219	0.002102	-0.003673	0.002361	-0.013828
6.800000	0.001562	0.000193	-0.001663	-0.000210	0.001665	0.001392	-0.001828	-0.000297	0.000655	0.003014	-0.018402	0.033256
6.900000	0.001404	0.000174	-0.001495	-0.000188	0.001476	0.008100	-0.001631	-0.000230	0.001591	0.008296	0.003926	0.004206
7.000000	0.001262	0.000156	-0.001344	-0.000169	0.001498	-0.000224	-0.001434	-0.000175	0.003429	-0.004089	0.040107	-0.078368
7.100000	0.001134	0.000141	-0.001208	-0.000152	0.001295	-0.002147	-0.001296	-0.000116	0.001084	-0.002203	-0.002921	-0.001022
7.200000	0.001020	0.000126	-0.001086	-0.000137	0.000970	-0.002548	-0.001527	-0.000186	0.000240	-0.001732	-0.013091	0.016770
7.300000	0.000916	0.000114	-0.000976	-0.000123	0.000955	0.003045	-0.001124	-0.000115	0.000116	0.004649	-0.015673	0.032697
7.400000	0.000824	0.000102	-0.000877	-0.000110	0.000959	-0.000292	-0.000682	-0.000042	0.001659	-0.001741	0.014712	-0.029401
7.500000	0.000740	0.000092	-0.000789	-0.000099	0.000817	-0.000391	-0.001020	-0.000040	0.000633	-0.000279	-0.002663	0.002316
7.600000	0.000666	0.000082	-0.000709	-0.000089	0.000696	0.003069	-0.000964	-0.000097	0.000461	0.003592	-0.003731	0.010705
7.700000	0.000598	0.000074	-0.000637	-0.000080	0.000800	-0.000339	-0.000768	-0.000029	0.001500	-0.001805	0.014788	-0.029774
7.800000	0.000538	0.000067	-0.000573	-0.000072	0.000610	-0.001737	-0.000725	0.000037	0.000443	-0.001716	-0.002607	0.000375
7.900000	0.000483	0.000060	-0.000515	-0.000065	0.000505	-0.000961	-0.000569	-0.000061	-0.000013	-0.000204	-0.009800	0.015451
8.000000	0.000435	0.000054	-0.000463	-0.000058	0.000464	-0.000178	-0.000649	0.000008	0.000134	0.000295	-0.005944	0.009595
8.100000	0.000391	0.000048	-0.000416	-0.000052	0.000357	0.001370	-0.000409	-0.000094	0.000250	0.001606	-0.001729	0.004882
8.200000	0.000351	0.000043	-0.000374	-0.000047	0.000386	-0.001601	-0.000491	-0.000102	0.000689	-0.002405	0.006550	-0.016229
8.300000	0.000316	0.000039	-0.000336	-0.000042	0.000334	-0.001901	-0.000409	-0.000172	-0.000134	-0.001303	-0.008948	0.012311
8.400000	0.000284	0.000035	-0.000302	-0.000038	0.000201	0.001927	-0.000306	-0.000069	-0.000353	0.003061	-0.010801	0.023107
8.500000	0.000255	0.000032	-0.000272	-0.000034	0.000365	-0.002802	-0.000473	-0.000048	0.000822	-0.003991	0.009629	-0.024105
8.600000	0.000229	0.000028	-0.000244	-0.000031	0.000355	-0.004143	-0.000426	-0.000134	-0.000415	-0.003190	-0.014980	0.019498
8.700000	0.000206	0.000026	-0.000219	-0.000028	0.000122	0.006679	-0.000302	0.000003	-0.001036	0.009365	-0.022905	0.054571
8.800000	0.000185	0.000023	-0.000197	-0.000025	0.000093	0.001854	-0.000174	0.000000	0.001805	-0.001169	0.034449	-0.061415
8.900000	0.000166	0.000021	-0.000177	-0.000022	0.000327	-0.007520	-0.000146	0.000105	0.000825	-0.009135	0.010127	-0.032912
9.000000	0.000150	0.000019	-0.000159	-0.000020	0.000193	-0.002885	-0.000076	-0.000139	-0.001758	0.000428	-0.039008	0.067440
9.100000	0.000135	0.000017	-0.000143	-0.000018	0.000148	-0.000521	0.000062	-0.000032	-0.000605	0.000830	-0.015139	0.027468
9.200000	0.000121	0.000015	-0.000129	-0.000016	0.000078	0.001148	-0.000166	-0.000096	-0.000076	0.001496	-0.002923	0.007163
9.300000	0.000109	0.000013	-0.000116	-0.000015	0.000114	-0.000698	-0.000191	0.000106	0.000388	-0.001290	0.005666	-0.012131
9.400000	0.000098	0.000012	-0.000104	-0.000013	0.000195	-0.002842	-0.000077	-0.000118	0.000020	-0.002801	-0.003436	0.000947
9.500000	0.000088	0.000011	-0.000094	-0.000012	-0.000057	0.005773	0.000170	0.000195	-0.000814	0.007743	-0.015336	0.039831
9.600000	0.000079	0.000010	-0.000084	-0.000011	0.000184	-0.004080	0.000018	0.000073	0.001729	-0.007290	0.030936	-0.065286
9.700000	0.000071	0.000009	-0.000076	-0.000010	0.000174	-0.003801	-0.000150	-0.000091	-0.000881	-0.002234	-0.020985	0.031932
9.800000	0.000064	0.000008	-0.000068	-0.000009	0.000201	-0.002986	0.000025	0.000020	-0.000785	-0.001430	-0.019758	0.031578
9.900000	0.000057	0.000007	-0.000061	-0.000008	0.000048	-0.002254	-0.000161	0.000106	-0.000732	-0.001037	-0.015459	0.024620
10.000000	0.000052	0.000006	-0.000055	-0.000007	0.000050	-0.001378	-0.000011	0.000191	-0.000532	-0.000411	-0.011646	0.019463
10.100000	0.000046	0.000006	-0.000049	-0.000006	0.000037	0.000652	-0.000027	-0.000021	-0.000315	0.001354	-0.007036	0.014294
10.200000	0.000042	0.000005	-0.000044	-0.000006	0.000064	0.001295	-0.000087	-0.000072	0.000218	0.001104	0.003180	-0.003816
10.300000	0.000037	0.000005	-0.000040	-0.000005	0.000110	-0.002828	-0.000182	0.000072	0.000436	-0.003711	0.006716	-0.018023
10.400000	0.000034	0.000004	-0.000036	-0.000005	0.000017	0.001159	-0.000088	0.000058	-0.000735	0.002643	-0.014983	0.030075
10.500000	0.000030	0.000004	-0.000032	-0.000004	0.000029	0.001430	-0.000227	0.000124	0.000304	0.001023	0.005732	-0.008397
10.600000	0.000027	0.000003	-0.000029	-0.000004	-0.000054	0.004664	-0.000242	0.000041	0.000276	0.004438	0.006837	-0.004649
10.700000	0.000024	0.000003	-0.000026	-0.000003	-0.000006	-0.002002	0.000151	-0.000033	0.001230	-0.004438	0.024590	-0.049461
10.800000	0.000022	0.000003	-0.000023	-0.000003	0.000041	-0.000315	-0.000135	-0.000187	-0.000491	0.000594	-0.010518	0.018655
10.900000	0.000020	0.000002	-0.000021	-0.000003	-0.000024	0.000913	-0.000070	-0.000041	-0.000134	0.001180	-0.002121	0.005469
11.000000	0.000018	0.000002	-0.000019	-0.000002	0.000098	-0.002998	-0.000158	0.000089	0.000328	-0.003714	0.004769	-0.014627
11.100000	0.000016	0.000002	-0.000017	-0.000002	0.000130	0.000298	-0.000156	0.000016	-0.000669	0.001771	-0.015832	0.029911
11.200000	0.000014	0.000002	-0.000015	-0.000002	-0.000149	0.004304	-0.000034	-0.000282	-0.000095	0.004557	0.001112	0.005441
11.300000	0.000013	0.000002	-0.000014	-0.000002	-0.000190	0.006763	0.000040	-0.000056	0.000887	0.005389	0.021517	-0.027859
11.400000	0.000012	0.000001	-0.000012	-0.000002	0.000104	-0.001639	-0.000059	0.000005	0.001866	-0.005050	0.035354	-0.069298
11.500000	0.000010	0.000001	-0.000011	-0.000001	0.000195	-0.001067	0.000045	0.000125	-0.000224	-0.000369	-0.008434	0.014053
11.600000	0.000009	0.000001	-0.000010	-0.000001	-0.000077	0.000326	0.000056	-0.000031	-0.000337	0.000843	-0.005278	0.010549
11.700000	0.000008	0.000001	-0.000009	-0.000001	-0.000044	0.000275	0.000080	0.000057	0.000047	0.000153	0.001729	-0.002521
11.800000	0.000008	0.000001	-0.000008	-0.000001	-0.000033	-0.004016	-0.000116	-0.000083	0.000050	-0.004563	0.001787	-0.011021
11.900000	0.000007	0.000001	-0.000007	-0.000001	0.000083	0.001456	0.000052	-0.000020	-0.000978	0.003552	-0.021298	0.042617
12.000000	0.000006	0.000001	-0.000007	-0.000001	0.000185	-0.002181	-0.000127	0.000049	0.000565	-0.003097	0.007731	-0.018657
12.100000	0.000005	0.000001	-0.000006	-0.000001	0.000071	-0.007095	0.000029	-0.000121	-0.000463	-0.006758	-0.010714	0.006962
12.200000	0.000005	0.000001	-0.000005	-0.000001	0.000069	0.000142	0.000157	-0.000003	-0.001775	0.003586	-0.037086	0.069978
12.300000	0.000004	0.000001	-0.000005	-0.000001	-0.000154	0.001719	-0.000118	-0.000067	-0.000130	0.001800	0.000613	0.001712
12.400000	0.000004	0.000000	-0.000004	-0.000001	0.000034	-0.000509	-0.000080	-0.000112	0.000465	-0.001378	0.008725	-0.017539
12.500000	0.000004	0.000000	-0.000004	-0.000000	-0.000018	0.000804	-0.000044	-0.000077	-0.000168	0.001137	-0.002967	0.006861
12.600000	0.000003	0.000000	-0.000003	-0.000000	0.000015	0.001659	0.000131	-0.000102	0.000224	0.001437	0.004052	-0.004409
12.700000	0.000003	0.000000	-0.000003	-0.000000	-0.000039	0.003949	-0.000074	-0.000025	0.000368	0.003538	0.008232	-0.008331
12.800000	0.000003	0.000000	-0.000003	-0.000000	-0.000078	0.005006	-0.000050	0.000010	0.000922	0.003605	0.020075	-0.028479
12.900000	0.000002	0.000000	-0.000002	-0.000000	-0.000063	0.000564	0.000216	-0.000102	0.001261	-0.001800	0.026309	-0.047924
13.000000	0.000002	0.000000	-0.000002	-0.000000	-0.000090	-0.000585	0.000093	0.000074	0.000069	-0.000906	0.003093	-0.006609
13.100000	0.000002	0.000000	-0.000002	-0.000000	0.000018	0.004211	-0.000062	-0.000175	-0.000153	0.004877	-0.003366	0.013719
13.200000	0.000002	0.000000	-0.000002	-0.000000	0.000058	-0.001113	-0.000114	0.000015	0.001139	-0.003227	0.021755	-0.042965
13.300000	0.000002	0.000000	-0.000002	-0.000000	-0.000052	-0.000891	-0.000043	-0.000035	-0.000346	-0.000442	-0.005827	0.009156
13.400000	0.000001	0.000000	-0.000001	-0.000000	-0.000102	0.002716	0.000020	0.000123	-0.000349	0.003434	-0.004977	0.014471
13.500000	0.000001	0.000000	-0.000001	-0.000000	0.000116	-0.002623	0.000088	0.000060	0.000852	-0.004196	0.014659	-0.032024
13.600000	0.000001	0.000000	-0.000001	-0.000000	0.000041	0.002036	0.000015	0.000033	-0.000642	0.003487	-0.013699	0.029444
13.700000	0.000001	0.000000	-0.000001	-0.000000	-0.000012	0.002120	-0.000031	0.000117	0.000511	0.001352	0.010508	-0.015713
13.800000	0.000001	0.000000	-0.000001	-0.000000	-0.000134	0.004783	0.000009	0.000037	0.000406	0.004224	0.010804	-0.011393
13.900000	0.000001	0.000000	-0.000001	-0.000000	-0.000112	0.002337	0.000030	0.000058	0.001130	0.000267	0.024853	-0.042118
14.000000	0.000001	0.000000	-0.000001	-0.000000	0.000153	-0.001446	-0.000013	0.000189	0.000771	-0.002701	0.012394	-0.025675
14.100000	0.000001	0.000000	-0.000001	-0.000000	-0.000023	0.000572	-0.000127	-0.000035	-0.000401	0.001295	-0.007450	0.014720
14.200000	0.000001	0.000000	-0.000001	-0.000000	-0.000013	0.004636	-0.000077	-0.000111	0.000101	0.004818	0.002363	0.003815
14.300000	0.000001	0.000000	-0.000001	-0.000000	-0.000033	0.000763	0.000015	0.000019	0.001166	-0.001376	0.024001	-0.043483
14.400000	0.000000	0.000000	-0.000001	-0.000000	-0.000037	0.002559	-0.000128	0.000112	0.000140	0.002453	0.003660	-0.002275
14.500000	0.000000	0.000000	-0.000000	-0.000000	-0.000150	0.003855	0.000273	-0.000076	0.000531	0.002989	0.013364	-0.017517
14.600000	0.000000	0.000000	-0.000000	-0.000000	0.000173	0.001061	-0.000150	0.000015	0.001163	-0.000695	0.019968	-0.035697
14.700000	0.000000	0.000000	-0.000000	-0.000000	0.000167	-0.004249	0.000051	-0.000120	0.000467	-0.005190	0.005962	-0.018992
14.800000	0.000000	0.000000	-0.000000	-0.000000	0.000035	-0.002347	0.000041	0.000033	-0.001063	-0.000521	-0.022035	0.037059
14.900000	0.000000	0.000000	-0.000000	-0.000000	-0.000027	0.000525	-0.000101	-0.000004	-0.000648	0.001699	-0.012340	0.023870
15.000000	0.000000	0.000000	-0.000000	-0.000000	-0.000095	-0.001503	-0.000164	0.000257	0.000028	-0.001869	0.002623	-0.007692
15.100000	0.000000	0.000000	-0.000000	-0.000000	-0.000148	0.004804	0.000122	0.000141	-0.000541	0.006000	-0.007993	0.024159
15.200000	0.000000	0.000000	-0.000000	-0.000000	0.000062	-0.003234	-0.000038	0.000094	0.001338	-0.005878	0.025596	-0.053817
15.300000	0.000000	0.000000	-0.000000	-0.000000	-0.000096	0.005420	-0.000072	-0.000021	-0.000966	0.007500	-0.017352	0.042272
15.400000	0.000000	0.000000	-0.000000	-0.000000	-0.000066	0.001336	-0.000245	0.000028	0.001314	-0.001133	0.027883	-0.050176
15.500000	0.000000	0.000000	-0.000000	-0.000000	-0.000126	0.002864	0.000063	0.000226	0.000209	0.002541	0.006630	-0.006793
15.600000	0.000000	0.000000	-0.000000	-0.000000	0.000110	-0.004219	-0.000020	-0.000041	0.000889	-0.006046	0.015622	-0.037069
15.700000	0.000000	0.000000	-0.000000	-0.000000	-0.000218	0.004646	-0.000112	0.000132	-0.001353	0.007153	-0.022621	0.050807
15.800000	0.000000	0.000000	-0.000000	-0.000000	0.000003	0.000837	0.000057	-0.000031	0.001219	-0.001324	0.024295	-0.043873
15.900000	0.000000	0.000000	-0.000000	-0.000000	0.000012	-0.003155	0.000052	0.000179	0.000250	-0.003851	0.004711	-0.014315
16.000000	0.000000	0.000000	-0.000000	-0.000000	0.000128	-0.001510	-0.000075	0.000145	-0.000684	-0.000148	-0.016182	0.027541
16.100000	0.000000	0.000000	-0.000000	-0.000000	-0.000126	0.002498	0.000200	0.000103	-0.000502	0.003466	-0.007738	0.019556
16.200000	0.000000	0.000000	-0.000000	-0.000000	0.000039	-0.003403	-0.000044	-0.000042	0.000714	-0.004968	0.013555	-0.031748
16.300000	0.000000	0.000000	-0.000000	-0.000000	0.000083	-0.003304	-0.000093	0.000142	-0.000805	-0.001967	-0.017683	0.027024
16.400000	0.000000	0.000000	-0.000000	-0.000000	0.000045	-0.003944	0.000028	-0.000014	-0.000791	-0.002754	-0.016764	0.024186
16.500000	0.000000	0.000000	-0.000000	-0.000000	0.000062	-0.003589	-0.000030	0.000178	-0.000955	-0.002025	-0.020331	0.031614
16.600000	0.000000	0.000000	-0.000000	-0.000000	-0.000059	0.003543	-0.000097	0.000074	-0.001010	0.005609	-0.018958	0.041890
16.700000	0.000000	0.000000	-0.000000	-0.000000	-0.000154	0.005546	0.000015	0.000017	0.000750	0.004385	0.018070	-0.023607
16.800000	0.000000	0.000000	-0.000000	-0.000000	-0.000069	0.001166	0.000081	0.000091	0.001382	-0.001381	0.028969	-0.051840
16.900000	0.000000	0.000000	-0.000000	-0.000000	-0.000035	0.000438	0.000016	-0.000065	0.000277	-0.000101	0.006227	-0.010895
17.000000	0.000000	0.000000	-0.000000	-0.000000	0.000074	-0.003785	0.000048	0.000039	0.000205	-0.004357	0.002586	-0.011652
17.100000	0.000000	0.000000	-0.000000	-0.000000	-0.000007	0.001814	-0.000013	-0.000185	-0.001000	0.003788	-0.019863	0.040287
17.200000	0.000000	0.000000	-0.000000	-0.000000	-0.000014	0.004962	0.000072	0.000060	0.000433	0.004605	0.008879	-0.007318
17.300000	0.000000	0.000000	-0.000000	-0.000000	0.000003	0.003732	-0.000201	0.000187	0.001269	0.001715	0.025563	-0.041179
17.400000	0.000000	0.000000	-0.000000	-0.000000	0.000075	-0.001899	0.000057	-0.000083	0.001069	-0.003902	0.019850	-0.040627
17.500000	0.000000	0.000000	-0.000000	-0.000000	0.000111	-0.003520	-0.000010	0.000174	-0.000372	-0.002930	-0.009671	0.011816
17.600000	0.000000	0.000000	-0.000000	-0.000000	-0.000037	0.000181	0.000005	-0.000041	-0.000944	0.001868	-0.018169	0.034311
17.700000	0.000000	0.000000	-0.000000	-0.000000	0.000144	-0.003871	0.000003	-0.000132	0.000205	-0.004347	0.001226	-0.009537
17.800000	0.000000	0.000000	-0.000000	-0.000000	-0.000055	0.000779	-0.000005	-0.000090	-0.001076	0.002723	-0.020439	0.039585
17.900000	0.000000	0.000000	-0.000000	-0.000000	0.000215	-0.001341	-0.000118	-0.000140	0.000405	-0.001850	0.003935	-0.010198
18.000000	0.000000	0.000000	-0.000000	-0.000000	0.000032	-0.002177	0.000005	-0.000041	-0.000317	-0.001733	-0.006996	0.009067
18.100000	0.000000	0.000000	-0.000000	-0.000000	-0.000161	0.007644	-0.000143	0.000086	-0.000779	0.009458	-0.012242	0.036766
18.200000	0.000000	0.000000	-0.000000	-0.000000	0.000087	-0.006750	0.000136	0.000161	0.002124	-0.011078	0.040669	-0.088088
18.300000	0.000000	0.000000	-0.000000	-0.000000	0.000005	-0.000438	-0.000034	0.000062	-0.001744	0.002748	-0.034978	0.064679
18.400000	0.000000	0.000000	-0.000000	-0.000000	-0.000036	0.003323	0.000131	-0.000087	-0.000149	0.003848	-0.002398	0.010737
18.500000	0.000000	0.000000	-0.000000	-0.000000	-0.000048	0.003173	0.000023	0.000081	0.000808	0.001894	0.017104	-0.026067
18.600000	0.000000	0.000000	-0.000000	-0.000000	0.000088	-0.001269	0.000197	-0.000047	0.000947	-0.002938	0.017015	-0.033863
18.700000	0.000000	0.000000	-0.000000	-0.000000	-0.000005	0.003396	-0.000077	-0.000078	-0.000353	0.004323	-0.006894	0.018907
18.800000	0.000000	0.000000	-0.000000	-0.000000	-0.000007	-0.002576	-0.000070	-0.000018	0.000877	-0.004454	0.017770	-0.038144
18.900000	0.000000	0.000000	-0.000000	-0.000000	-0.000074	0.000281	-0.000015	-0.000178	-0.000753	0.001539	-0.013596	0.025744
19.000000	0.000000	0.000000	-0.000000	-0.000000	0.000239	-0.005176	-0.000048	0.000113	0.000316	-0.005784	0.001604	-0.012466
19.100000	0.000000	0.000000	-0.000000	-0.000000	0.000075	0.001503	0.000078	-0.000184	-0.001265	0.004108	-0.026927	0.053110
19.200000	0.000000	0.000000	-0.000000	-0.000000	0.000150	-0.004189	0.000035	0.000030	0.000556	-0.005309	0.008119	-0.022785
19.300000	0.000000	0.000000	-0.000000	-0.000000	0.000007	-0.003730	0.000113	0.000012	-0.001054	-0.002087	-0.021352	0.033355
19.400000	0.000000	0.000000	-0.000000	-0.000000	-0.000058	0.005090	-0.000027	-0.000051	-0.001052	0.007374	-0.019891	0.046467
19.500000	0.000000	0.000000	-0.000000	-0.000000	0.000032	0.003467	0.000001	0.000203	0.001342	0.001385	0.026221	-0.042505
19.600000	0.000000	0.000000	-0.000000	-0.000000	-0.000175	0.001226	0.000091	0.000148	0.000749	-0.000335	0.018400	-0.031864
19.700000	0.000000	0.000000	-0.000000	-0.000000	0.000016	0.003470	-0.000035	0.000121	0.000327	0.003216	0.006260	-0.005285
19.800000	0.000000	0.000000	-0.000000	-0.000000	-0.000001	0.000549	-0.000040	0.000056	0.000907	-0.001078	0.018208	-0.033095
19.900000	0.000000	0.000000	-0.000000	-0.000000	0.000103	0.001854	-0.000028	0.000195	0.000238	0.001788	0.002721	-0.001533
20.000000	0.000000	0.000000	-0.000000	-0.000000	0.000054	-0.000660	0.000022	-0.000026	0.000557	-0.001646	0.010055	-0.020020
20.100000	0.000000	0.000000	-0.000000	-0.000000	0.000002	-0.000201	-0.000087	0.000062	-0.000178	0.000103	-0.003516	0.006118
20.200000	0.000000	0.000000	-0.000000	-0.000000	-0.000099	-0.000171	-0.000028	-0.000045	-0.000153	-0.000097	-0.001050	0.001551
20.300000	0.000000	0.000000	-0.000000	-0.000000	-0.000007	0.000734	-0.000129	0.000066	-0.000074	0.000906	-0.001208	0.003438
20.400000	0.000000	0.000000	-0.000000	-0.000000	-0.000093	0.002786	-0.000026	0.000113	0.000084	0.002719	0.003556	-0.001473
20.500000	0.000000	0.000000	-0.000000	-0.000000	0.000196	-0.004091	0.000095	0.000112	0.000955	-0.005833	0.015119	-0.035508
20.600000	0.000000	0.000000	-0.000000	-0.000000	-0.000100	0.002561	-0.000035	-0.000080	-0.001169	0.004750	-0.021372	0.044556
20.700000	0.000000	0.000000	-0.000000	-0.000000	-0.000058	0.003483	-0.000132	-0.000260	0.000574	0.002580	0.012794	-0.018090
20.800000	0.000000	0.000000	-0.000000	-0.000000	-0.000007	-0.000211	-0.000046	0.000008	0.000877	-0.001869	0.017746	-0.033686
20.900000	0.000000	0.000000	-0.000000	-0.000000	-0.000025	-0.000610	0.000036	0.000082	-0.000076	-0.000557	-0.001042	0.000990
21.000000	0.000000	0.000000	-0.000000	-0.000000	0.000069	-0.001087	-0.000032	0.000170	-0.000082	-0.000894	-0.003006	0.003757
21.100000	0.000000	0.000000	-0.000000	-0.000000	0.000032	-0.002935	0.000032	-0.000006	-0.000225	-0.002721	-0.005175	0.004356
21.200000	0.000000	0.000000	-0.000000	-0.000000	-0.000077	0.004490	-0.000094	0.000210	-0.000871	0.006365	-0.015820	0.037906
21.300000	0.000000	0.000000	-0.000000	-0.000000	-0.000018	0.004028	-0.000144	-0.000155	0.001132	0.002228	0.023166	-0.036417
21.400000	0.000000	0.000000	-0.000000	-0.000000	0.000086	0.000544	-0.000012	-0.000094	0.001120	-0.001325	0.020708	-0.037893
21.500000	0.000000	0.000000	-0.000000	-0.000000	-0.000099	0.003109	-0.000042	0.000060	0.000020	0.003167	0.002440	0.001123
21.600000	0.000000	0.000000	-0.000000	-0.000000	0.000071	-0.003860	0.000035	-0.000021	0.000904	-0.005741	0.016648	-0.038203
21.700000	0.000000	0.000000	-0.000000	-0.000000	-0.000002	-0.001913	-0.000002	-0.000106	-0.001001	-0.000254	-0.020002	0.033816
21.800000	0.000000	0.000000	-0.000000	-0.000000	0.000084	-0.006080	0.000019	-0.000029	-0.000395	-0.005746	-0.009598	0.006817
21.900000	0.000000	0.000000	-0.000000	-0.000000	0.000028	0.000688	0.000083	0.000055	-0.001555	0.003692	-0.031786	0.060980
22.000000	0.000000	0.000000	-0.000000	-0.000000	-0.000013	0.000663	0.000167	-0.000007	0.000188	0.000383	0.003850	-0.005686
22.100000	0.000000	0.000000	-0.000000	-0.000000	0.000022	0.000206	0.000166	-0.000107	0.000216	-0.000114	0.003724	-0.006398
22.200000	0.000000	0.000000	-0.000000	-0.000000	-0.000045	0.001967	0.000009	-0.000040	0.000001	0.002057	0.000911	0.001877
22.300000	0.000000	0.000000	-0.000000	-0.000000	0.000074	-0.001605	0.000097	0.000036	0.000601	-0.002702	0.010467	-0.022318
22.400000	0.000000	0.000000	-0.000000	-0.000000	-0.000244	0.004315	-0.000009	0.000057	-0.000675	0.005506	-0.008639	0.024134
22.500000	0.000000	0.000000	-0.000000	-0.000000	0.000003	-0.001433	0.000166	0.000171	0.001151	-0.003633	0.022836	-0.044882
22.600000	0.000000	0.000000	-0.000000	-0.000000	0.000002	-0.000343	-0.000076	-0.000094	-0.000361	0.000273	-0.007200	0.012605
22.700000	0.000000	0.000000	-0.000000	-0.000000	-0.000087	0.002400	0.000102	-0.000135	-0.000185	0.002804	-0.002079	0.008339
22.800000	0.000000	0.000000	-0.000000	-0.000000	0.000100	-0.000018	-0.000131	-0.000047	0.000707	-0.001170	0.012297	-0.023350
22.900000	0.000000	0.000000	-0.000000	-0.000000	-0.000123	0.001636	0.000194	0.000005	-0.000121	0.001817	-0.000159	0.003668
23.000000	0.000000	0.000000	-0.000000	-0.000000	-0.000055	0.001698	-0.000036	-0.000008	0.000366	0.001067	0.008475	-0.012825
23.100000	0.000000	0.000000	-0.000000	-0.000000	0.000089	-0.001548	0.000122	-0.000235	0.000549	-0.002538	0.009087	-0.019878
23.200000	0.000000	0.000000	-0.000000	-0.000000	0.000210	-0.004453	0.000086	-0.000075	-0.000175	-0.004136	-0.007798	0.006508
23.300000	0.000000	0.000000	-0.000000	-0.000000	-0.000049	-0.000906	0.000108	-0.000178	-0.001196	0.001129	-0.023060	0.041515
23.400000	0.000000	0.000000	-0.000000	-0.000000	0.000019	-0.001434	0.000057	-0.000149	-0.000214	-0.001138	-0.004727	0.006162
23.500000	0.000000	0.000000	-0.000000	-0.000000	0.000220	-0.001700	0.000003	0.000074	-0.000154	-0.001155	-0.007495	0.010996
23.600000	0.000000	0.000000	-0.000000	-0.000000	-0.000160	0.004161	-0.000062	0.000009	-0.000620	0.005373	-0.009136	0.024630
23.700000	0.000000	0.000000	-0.000000	-0.000000	0.000080	0.001637	0.000062	-0.000055	0.001162	-0.000205	0.021591	-0.037360
23.800000	0.000000	0.000000	-0.000000	-0.000000	-0.000029	0.001042	0.000209	0.000002	0.000416	0.000355	0.008691	-0.013965
23.900000	0.000000	0.000000	-0.000000	-0.000000	-0.000105	0.003871	0.000072	0.000070	0.000165	0.003744	0.005329	-0.002663
24.000000	0.000000	0.000000	-0.000000	-0.000000	-0.000115	-0.002406	-0.000068	-0.000124	0.000905	-0.004531	0.020501	-0.043055
24.100000	0.000000	0.000000	-0.000000	-0.000000	-0.000026	0.001203	0.000021	-0.000048	-0.000670	0.002501	-0.012933	0.026406
24.200000	0.000000	0.000000	-0.000000	-0.000000	0.000051	0.001258	-0.000031	-0.000126	0.000354	0.000794	0.006100	-0.009305
24.300000	0.000000	0.000000	-0.000000	-0.000000	-0.000008	0.001465	-0.000009	-0.000065	0.000305	0.001010	0.006285	-0.009168
24.400000	0.000000	0.000000	-0.000000	-0.000000	-0.000003	0.004546	0.000051	0.000175	0.000360	0.004314	0.007222	-0.004894
24.500000	0.000000	0.000000	-0.000000	-0.000000	0.000059	-0.000298	0.000010	-0.000020	0.001262	-0.002545	0.024087	-0.045641
24.600000	0.000000	0.000000	-0.000000	-0.000000	-0.000049	0.001547	0.000007	0.000110	-0.000133	0.001853	-0.001681	0.006117
24.700000	0.000000	0.000000	-0.000000	-0.000000	0.000073	-0.002723	-0.000043	-0.000021	0.000491	-0.003751	0.008417	-0.020856
24.800000	0.000000	0.000000	-0.000000	-0.000000	-0.000161	0.004476	-0.000115	0.000044	-0.000904	0.006237	-0.014787	0.035727
24.900000	0.000000	0.000000	-0.000000	-0.000000	-0.000044	-0.001688	0.000094	0.000018	0.001137	-0.004002	0.023572	-0.047028
